num,atom,x,y,z
1,C,45.762,0.188,3.707
2,C,48.011,2.073,4.860
3,C,46.743,0.271,5.436
4,C,43.501,-8.067,4.881
5,C,41.817,-4.223,6.249
6,C,48.139,0.790,3.722
7,C,47.032,0.571,3.880
8,C,41.667,-4.413,6.699
9,C,41.203,-5.066,5.398
10,C,47.436,1.442,6.129
11,C,46.828,1.455,5.621
12,C,45.725,1.425,4.618
13,C,47.317,-0.398,4.245
14,C,41.349,-4.526,4.821
15,C,46.562,1.592,4.923
16,C,43.573,-6.984,5.952
17,C,42.212,-3.818,3.763
18,C,47.109,1.799,5.165
19,C,47.544,1.712,6.101
20,C,42.826,-5.715,5.542
21,C,48.083,2.391,5.121
22,C,46.388,0.091,5.363
23,C,47.001,-0.055,5.726
24,C,41.816,-4.389,4.164
25,C,43.292,-5.248,4.142
26,C,42.370,-2.329,4.136
27,C,47.128,-0.633,4.305
28,C,47.696,0.538,5.826
29,C,47.269,0.703,6.480
30,C,48.994,1.598,4.158
31,C,47.912,0.306,6.623
32,C,41.655,-2.848,4.240
33,O,42.827,-2.177,5.485
34,O,47.818,-0.499,4.857
35,O,48.303,-0.087,3.691
36,O,48.003,1.821,5.939
37,O,43.188,-6.332,3.200
38,O,48.275,0.517,3.551
39,O,48.350,-0.542,5.555
40,O,42.093,-2.360,5.524
41,C,47.738,-0.417,4.487
42,C,41.364,-2.912,6.623
43,C,48.912,1.433,4.890
44,C,48.265,1.340,3.523
45,C,47.318,-0.761,4.588
46,C,43.966,-7.478,3.541
47,C,46.562,-0.955,4.354
48,C,41.888,-2.699,6.430
49,O,49.415,2.444,3.085
50,O,45.988,-0.358,3.482
51,O,48.981,0.366,7.568
52,O,42.493,-4.197,3.595
53,O,42.467,-2.152,3.291
54,O,48.194,-0.229,7.057
55,O,48.995,0.796,6.353
56,O,43.325,-1.682,3.296
57,C,50.825,2.503,2.907
58,C,44.549,-2.406,3.248
59,C,49.084,0.396,7.715
60,C,45.380,-1.553,3.000
61,C,50.099,1.082,7.056
62,C,43.148,-3.215,2.801
63,C,43.701,-2.762,2.943
64,C,48.526,0.136,8.387
65,C,49.975,-0.084,8.633
66,C,51.349,0.518,7.660
67,C,50.483,0.588,8.205
68,C,44.126,-1.806,3.779
69,C,44.620,-3.133,3.088
70,C,45.684,-1.469,3.524
71,C,44.849,-1.803,3.046
72,C,51.338,3.808,3.438
73,C,50.696,4.975,3.314
74,C,46.961,-1.877,3.509
75,C,45.313,-1.987,3.174
76,C,44.749,-0.584,3.601
77,C,50.837,0.765,8.062
78,C,51.332,-0.511,8.522
79,C,43.092,-2.504,3.275
80,C,51.065,1.795,8.209
81,C,48.144,-0.984,3.758
82,C,52.556,-1.117,9.149
83,C,52.454,2.069,8.709
84,C,52.308,0.716,8.340
85,C,41.798,-2.746,3.997
86,C,46.788,-1.915,3.458
87,C,45.863,0.423,3.654
88,O,48.808,3.392,5.853
89,C,47.723,0.265,4.540
90,C,47.182,-0.571,4.074
91,C,53.533,-0.025,9.595
92,C,52.419,3.065,9.872
93,C,52.618,-0.449,9.254
94,C,41.829,-4.090,4.734
95,C,47.134,-0.206,4.231
96,H,49.165,2.920,6.632
97,C,46.037,0.006,4.910
98,C,53.513,0.178,11.110
99,C,53.194,2.557,11.085
100,C,53.533,0.031,10.362
101,C,42.115,-3.912,6.226
102,C,47.221,-0.023,5.747
103,C,48.002,0.124,6.034
104,O,46.489,2.173,6.927
105,C,52.669,1.398,11.483
106,C,41.086,-2.984,6.874
107,C,52.641,1.210,11.554
108,C,52.885,1.161,11.136
109,C,46.299,-0.149,6.408
110,C,46.811,0.589,6.859
111,C,46.736,1.367,6.163
112,H,46.160,2.881,6.335
113,C,47.089,1.029,6.958
114,C,53.351,2.700,11.068
115,C,53.753,0.181,11.740
116,C,41.683,-2.240,8.067
117,C,53.817,2.361,11.190
118,C,47.805,2.129,6.930
119,C,47.063,-1.539,3.686
120,O,41.557,-3.957,2.489
121,C,53.171,3.561,10.528
122,C,52.437,3.552,10.202
123,C,53.917,-0.687,10.503
124,C,43.204,-2.285,8.048
125,H,40.829,-4.595,2.635
126,O,41.172,-4.960,3.011
127,O,43.080,-4.738,6.567
128,O,47.958,-2.628,3.473
129,H,48.001,-2.763,2.508
130,H,40.493,-5.566,3.373
131,H,42.515,-5.013,7.318
132,O,47.001,2.889,6.093
133,O,45.504,-0.946,5.810
134,O,46.913,2.499,7.128
135,O,45.924,-0.613,6.484
136,O,41.375,-5.939,4.568
137,H,45.692,-1.087,6.760
138,H,47.610,3.599,5.827
139,H,42.325,-6.182,4.526
140,H,47.165,3.425,6.934
141,H,45.161,-0.022,6.311
142,O,41.570,-6.456,5.377
143,O,46.254,-0.607,6.458
144,O,43.028,-7.475,7.190
145,C,42.333,-2.277,7.830
146,H,42.095,-6.601,6.194
147,H,45.728,-0.048,7.073
148,H,43.044,-6.701,7.790
149,O,46.535,-0.982,3.201
150,O,46.399,2.887,4.325
151,O,45.104,2.510,3.914
152,O,46.716,1.979,6.957
153,C,41.778,-2.177,7.902
154,C,43.819,-8.500,2.405
155,H,45.867,-1.542,3.647
156,H,46.086,2.718,3.412
157,H,47.621,2.128,7.292
158,H,45.369,3.345,4.344
159,O,41.772,-3.134,8.816
160,C,47.778,-1.863,3.634
161,C,49.708,2.668,4.448
162,C,46.860,-2.094,3.362
163,C,49.613,1.739,2.891
164,H,42.465,-3.320,9.473
165,O,41.710,-3.055,9.020
166,O,44.922,-9.404,2.385
167,H,40.858,-2.897,9.464
168,H,45.729,-8.854,2.394
169,O,43.103,-4.844,6.421
170,O,49.741,2.792,3.029
171,O,45.808,-3.036,3.208
172,O,49.144,-1.684,3.281
173,O,49.889,3.131,2.948
174,H,48.824,2.777,2.705
175,H,46.192,-3.896,2.961
176,H,49.388,-0.769,3.508
177,H,49.301,3.530,3.611
178,H,43.732,-4.148,6.700
179,O,43.079,-4.669,6.825
180,O,44.317,-9.160,5.321
181,H,43.303,-4.605,7.775
182,H,43.835,-9.583,6.066
183,O,44.408,-0.230,3.483
184,O,47.214,1.717,3.119
185,O,48.212,1.109,3.255
186,O,47.758,3.471,4.690
187,H,44.238,-0.090,2.528
188,H,47.998,1.270,2.315
189,H,46.844,2.277,3.827
190,H,48.385,3.826,4.036
